Входы
1 глава
1. 3
2. 2
3. 1
4. 1
5. 3
6. 1
7. 1
8. 1
9. 6
10. 2
11. 1
12. 1
13. 1
14. 4
15. 2
16. 2
17. 2
18. 4
19. 2
20. 2
21. 2
22. 1
23. 3,4
24. 5,6,7
25. 1,2,3
26. 2
27. 2
28. 1,2,6
29. 1
30. 6
31. 4
32. 5
33. 3
2 глава
1. 2
2. 1
3. 3
3 глава
1. 6
2. 1
3. 3
4. 3
5. 1
6. 5
7. 1
8. 5
9. 2
4 глава
1. 3
2. 4
3. 3
4. 2
5. 6
6. 3
7. 1
8. 2
9. 1
10. 1
11. 2
12. 3
13. 1
14. 4
15. 7
16. 3
17. 4
18. 1
19. 1
20. 5
21. 4
22. 4
23. 4
24. 3
25. 2
5 глава
1. 2
2. 2
3. 2
4. 2
5. 2
6. 1
7. 2
8. 3
9. 1
10. 1
11. 2
12. 4
13. 2
14. 2
15. 2
16. 1
17. 3
18. 2
19. 4
20. 2
21. 3
22. 3
23. 2
24. 3
25. 4
26. 2
27. 3
28. 3
29. 3
30. 3
31. 2
32. 3
33. 2
34. 3
35. 1
36. 3
37. 2
38. 2
39. 3
40. 4
41. 1
42. 2
43. 2
44. 2
45. 1
46. 2
6 глава
1. 1
2. 5
3. 1
4. 1
5. 2
6. 1
7. 4,6
8. 4
9. 3
10. 1
11. 1
12. 1
13. 2
14. 4
7 глава
1. 2
2. 3
3. 3
4. 3
5. 4
6. 3
7. 3
8. 3
8 глава
1. 2
2. 1
3. 3
4. 2
5. 4
6. 3
7. 3
8. 3
9. 5
10. 2
11. 1
12. 2
13. 1
14. 2
15. 1
16. 3
17. 2
18. 1
19. 1
9 глава
1. 2
2. 2
3. 2
4. 2
5. 3
6. 1,2,3,4
7. 3
8. 4
9. 2
10. 5

Выходы
1 глава
34. 1
35. 4
36. 6
37. 1
38. 5
39. 1
40. 5
41. 1,4
42. 3
43. 1
44. 4
45. 1
46. 1
47. 6
48. 3
49. 1
50. 1
51. 2
52. 1
53. 4
54. 1
55. 1
56. 1
57. 2
58. 1
59. 1
60. 1
61. 1
62. 9
63. 1
64. 2
65. 3
66. 2
67. 1
2 глава
4. 4
5. 1
6. 3
3 глава
10. 2
11. 2
12. 2
13. 3
14. 1
15. 4
16. 3
17. 1
18. 4
19. 4
20. 1
21. 5
22. 5
23. 5
24. 2
25. 5
4 глава
26. 3
27. 4
28. 1
29. 2
30. 3
31. 4
32. 4
33. 1
34. 6
35. 1
36. 2
37. 1
38. 5
39. 5
40. 1
41. 4
42. 7
43. 1
44. 1
45. 1
46. 1
47. 1
48. 2
49. 1
50. 5
5 глава
48. 2
49. 3
50. 4
51. 1
52. 4
53. 2
54. 4
55. 2
56. 3
57. 1
58. 2
59. 3
60. 2
61. 1
62. 2
63. 1
64. 2
65. 5
66. 2
67. 1
68. 2
69. 7
70. 7
71. 5
72. 2
73. 1,2
74. 3
75. 2
76. 6
77. 1
78. 1
79. 1
80. 1
81. 1
82. 1
83. 1
84. 5
85. 1
86. 1
87. 1
88. 3
89. 3
90. 6
91. 1
92. 2
93. 10
6 глава
15. 4
16. 4
17. 1
18. 1
19. 1
20. 2
21. 5
22. 3
23. 4
24. 1
25. 1
26. 1
27. 1
28. 1
29. 3
7 глава
9. 1
10. 3,4
11. 3
12. 3
13. 2
14. 3
15. 3
16. 4
17. 1
8 глава
20. 2
21. 1
22. 3
23. 4
24. 2
25. 3
26. 3
27. 3
28. 4
29. 4
30. 1
31. 2
32. 2
33. 1
34. 3
35. 3
36. 4
37. 1
38. 1
9 глава
11. 3
12. 1
13. 2
14. 3
15. 3
16. 5
17. 5
18. 1,6
19. 5
20. 2
21. 4